|                                                         3618 |
|                                                         3899 |
|                                                         3567 |
|                                                         4752 |
|                                                         3294 |
|                                                         4376 |
|                                                         3792 |
|                                                         4254 |
|                                                         3208 |
|                                                         4438 |
|                                                         3070 |
|                                                         4460 |
|                                                         3399 |
|                                                         5063 |
|                                                         3381 |
|                                                         2603 |
|                                                         3902 |
|                                                         4282 |
|                                                         3661 |
|                                                         3885 |
|                                                         4242 |
|                                                         2733 |
|                                                         4861 |
|                                                         3650 |
|                                                         3866 |
|                                                         5142 |
|                                                         5071 |
|                                                         4484 |
|                                                         4314 |
|                                                         2892 |
|                                                         3961 |
|                                                         4106 |
|                                                         3610 |
|                                                         3472 |
|                                                         3614 |
|                                                         4232 |
|                                                         3410 |
|                                                         4707 |
|                                                         3371 |
|                                                         3597 |
|                                                         4260 |
|                                                         4839 |
|                                                         3851 |
|                                                         3058 |
|                                                         3566 |
|                                                         4258 |
|                                                         3834 |
|                                                         4166 |
|                                                         3659 |
|                                                         4556 |
|                                                         3157 |
|                                                         3157 |
|                                                         3797 |
|                                                         3090 |
|                                                         3251 |
|                                                         3751 |
|                                                         3854 |
|                                                         3993 |
|                                                         3632 |
|                                                         3907 |
|                                                         4724 |
|                                                         3944 |
|                                                         3534 |
|                                                         4150 |
|                                                         2724 |
|                                                         3355 |
|                                                         3990 |
|                                                         4124 |
|                                                         4266 |
|                                                         4228 |
|                                                         3655 |
|                                                         4674 |
|                                                         4344 |
|                                                         2958 |
|                                                         4009 |
|                                                         3142 |
|                                                         4834 |
|                                                         4398 |
|                                                         4433 |
|                                                         4470 |
|                                                         4647 |
|                                                         4094 |
|                                                         3477 |
|                                                         3916 |
|                                                         3560 |
|                                                         4019 |
|                                                         3631 |
|                                                         3782 |
|                                                         4105 |
|                                                         3761 |
|                                                         3450 |
|                                                         4249 |
|                                                         3204 |
|                                                         2297 |
|                                                         4038 |
|                                                         3084 |
|                                                         4635 |
|                                                         2767 |
|                                                         4847 |
|                                                         3929 |
|                                                         4191 |
|                                                         4960 |
|                                                         2979 |
|                                                         4322 |
|                                                         4265 |
|                                                         3587 |
|                                                         3134 |
|                                                         3426 |
|                                                         3889 |
|                                                         3074 |
|                                                         4444 |
|                                                         4284 |
|                                                         3767 |
|                                                         4012 |
|                                                         3617 |
|                                                         4452 |
|                                                         2897 |
|                                                         3450 |
|                                                         3952 |
|                                                         3237 |
|                                                         3115 |
|                                                         4217 |
|                                                         3642 |
|                                                         4262 |
|                                                         2856 |
|                                                         4291 |
|                                                         3262 |
|                                                         3585 |
|                                                         3654 |
|                                                         3593 |
|                                                         3755 |
|                                                         4148 |
|                                                         3044 |
|                                                         3638 |
|                                                         3746 |
|                                                         4818 |
|                                                         4988 |
|                                                         4655 |
|                                                         4046 |
|                                                         4434 |
|                                                         4269 |
|                                                         3682 |
|                                                         3344 |
|                                                         4684 |
|                                                         4687 |
|                                                         4529 |
|                                                         4121 |
|                                                         3530 |
|                                                         2951 |
|                                                         2637 |
|                                                         3810 |
|                                                         3917 |
|                                                         4902 |
|                                                         5226 |
|                                                         4285 |
|                                                         4972 |
|                                                         4634 |
|                                                         3850 |
|                                                         4632 |
|                                                         3015 |
|                                                         4307 |
|                                                         3623 |
|                                                         2534 |
|                                                         3864 |
|                                                         4218 |
|                                                         4623 |
|                                                         5130 |
|                                                         3724 |
|                                                         3815 |
|                                                         3408 |
|                                                         4109 |
|                                                         3377 |
|                                                         3556 |
|                                                         4066 |
|                                                         2579 |
|                                                         2797 |
|                                                         3244 |
|                                                         2855 |
|                                                         2962 |
|                                                         4681 |
|                                                         3692 |
|                                                         3522 |
|                                                         3927 |
|                                                         2597 |
|                                                         3609 |
|                                                         3429 |
|                                                         4721 |
|                                                         4235 |
|                                                         3453 |
|                                                         3951 |
|                                                         4248 |
|                                                         3753 |
|                                                         4617 |
|                                                         3988 |
|                                                         3176 |
|                                                         4162 |
|                                                         3673 |
|                                                         4208 |
|                                                         2266 |
|                                                         3831 |
|                                                         3962 |
|                                                         3731 |
|                                                         4744 |
|                                                         3781 |
|                                                         4421 |
|                                                         4148 |
|                                                         3811 |
|                                                         3961 |
|                                                         3764 |
|                                                         3703 |
|                                                         5219 |
|                                                         4197 |
|                                                         4310 |
|                                                         4127 |
|                                                         4231 |
|                                                         3936 |
|                                                         4849 |
|                                                         3906 |
|                                                         3037 |
|                                                         4636 |
|                                                         4366 |
|                                                         4156 |
|                                                         4504 |
|                                                         2358 |
|                                                         3751 |
|                                                         3669 |
|                                                         3524 |
|                                                         3758 |
|                                                         3081 |
|                                                         4015 |
|                                                         4490 |
|                                                         3765 |
|                                                         4430 |
|                                                         3689 |
|                                                         3790 |
|                                                         3384 |
|                                                         2895 |
|                                                         3783 |
|                                                         4573 |
|                                                         4227 |
|                                                         3251 |
|                                                         3810 |
|                                                         3610 |
|                                                         3450 |
|                                                         3635 |
|                                                         3425 |
|                                                         4321 |
|                                                         4561 |
|                                                         3171 |
|                                                         4416 |
|                                                         4194 |
|                                                         3951 |
|                                                         3728 |
|                                                         3644 |
|                                                         4300 |
|                                                         3897 |
|                                                         4601 |
|                                                         3483 |
|                                                         4386 |
|                                                         3283 |
|                                                         4166 |
|                                                         3823 |
|                                                         2950 |
|                                                         3337 |
|                                                         4420 |
|                                                         3970 |
|                                                         2935 |
|                                                         3886 |
|                                                         4270 |
|                                                         3950 |
|                                                         3711 |
|                                                         4314 |
|                                                         3674 |
|                                                         2790 |
|                                                         4554 |
|                                                         4132 |
|                                                         3873 |
|                                                         3860 |
|                                                         4250 |
|                                                         4455 |
|                                                         3283 |
|                                                         4877 |
|                                                         4206 |
|                                                         2918 |
|                                                         4066 |
|                                                         4909 |
|                                                         4598 |
|                                                         3002 |
|                                                         4250 |
|                                                         4414 |
|                                                         3498 |
|                                                         3814 |
|                                                         4238 |
|                                                         4143 |
|                                                         4574 |
|                                                         2758 |
|                                                         3557 |
|                                                         4696 |
|                                                         5171 |
|                                                         2601 |
|                                                         4253 |
|                                                         3954 |
|                                                         3025 |
|                                                         3671 |
|                                                         2742 |
|                                                         4722 |
|                                                         3980 |
|                                                         3210 |
|                                                         3887 |
|                                                         3900 |
|                                                         3967 |
|                                                         3411 |
|                                                         4047 |
|                                                         3486 |
|                                                         4132 |
|                                                         4085 |
|                                                         5164 |
|                                                         3031 |
|                                                         5010 |
|                                                         4015 |
|                                                         4789 |
|                                                         2551 |
|                                                         3686 |
|                                                         3753 |
|                                                         2680 |
|                                                         4484 |
|                                                         3280 |
|                                                         3224 |
|                                                         4212 |
|                                                         4341 |
|                                                         4668 |
|                                                         3140 |
|                                                         2946 |
|                                                         3202 |
|                                                         3101 |
|                                                         4175 |
|                                                         3234 |
|                                                         4216 |
|                                                         4568 |
|                                                         3659 |
|                                                         4035 |
|                                                         3269 |
|                                                         2971 |
|                                                         3668 |
|                                                         4064 |
|                                                         3575 |
|                                                         3953 |
|                                                         3779 |
|                                                         2879 |
|                                                         3951 |
|                                                         3112 |
|                                                         3569 |
|                                                         5103 |
|                                                         3794 |
|                                                         4018 |
|                                                         4957 |
|                                                         3385 |
|                                                         4085 |
|                                                         3451 |
|                                                         3891 |
|                                                         5241 |
|                                                         4590 |
|                                                         4385 |
|                                                         3753 |
|                                                         2936 |
|                                                         3697 |
|                                                         2979 |
|                                                         4246 |
|                                                         4145 |
|                                                         4696 |
|                                                         4389 |
|                                                         3489 |
|                                                         3678 |
|                                                         3538 |
|                                                         3121 |
|                                                         4646 |
|                                                         4165 |
|                                                         3908 |
|                                                         3779 |
|                                                         4626 |
|                                                         3138 |
|                                                         4030 |
|                                                         2745 |
|                                                         3893 |
|                                                         2976 |
|                                                         5197 |
|                                                         3694 |
|                                                         3593 |
|                                                         4079 |
|                                                         3915 |
|                                                         4267 |
|                                                         4275 |
|                                                         4671 |
|                                                         3246 |
|                                                         3402 |
|                                                         4157 |
|                                                         4743 |
|                                                         3735 |
|                                                         3790 |
|                                                         3962 |
|                                                         4939 |
|                                                         4847 |
|                                                         3256 |
|                                                         3316 |
|                                                         4026 |
|                                                         3197 |
|                                                         4200 |
|                                                         3753 |
|                                                         4443 |
|                                                         4007 |
|                                                         3668 |
|                                                         4253 |
|                                                         4967 |
|                                                         2695 |
|                                                         4100 |
|                                                         4705 |
|                                                         3682 |
|                                                         3172 |
|                                                         4682 |
|                                                         3721 |
|                                                         3435 |
|                                                         3882 |
|                                                         4966 |
|                                                         2804 |
|                                                         3254 |
|                                                         4848 |
|                                                         3129 |
|                                                         3751 |
|                                                         3910 |
|                                                         3252 |
|                                                         4858 |
|                                                         4593 |
|                                                         3101 |
|                                                         4447 |
|                                                         5044 |
|                                                         3849 |
|                                                         2989 |
|                                                         3539 |
|                                                         3872 |
|                                                         4054 |
|                                                         4767 |
|                                                         3429 |
|                                                         3031 |
|                                                         3020 |
|                                                         4555 |
|                                                         4942 |
|                                                         4049 |
|                                                         3507 |
|                                                         4301 |
|                                                         3775 |
|                                                         3358 |
|                                                         3550 |
|                                                         3797 |
|                                                         2810 |
|                                                         3691 |
|                                                         3443 |
|                                                         3871 |
|                                                         4097 |
|                                                         3857 |
|                                                         3157 |
|                                                         4813 |
|                                                         3668 |
|                                                         4117 |
|                                                         3885 |
|                                                         3183 |
|                                                         3686 |
|                                                         3274 |
|                                                         2986 |
|                                                         2820 |
|                                                         3747 |
|                                                         3108 |
|                                                         5120 |
|                                                         3953 |
|                                                         4161 |
|                                                         4518 |
|                                                         2963 |
|                                                         3623 |
|                                                         3897 |
|                                                         4372 |
|                                                         4806 |
|                                                         3106 |
|                                                         3516 |
|                                                         4930 |
|                                                         4828 |
|                                                         4294 |
|                                                         3698 |
|                                                         3835 |
|                                                         3411 |
|                                                         4286 |
|                                                         4105 |
|                                                         4540 |
|                                                         4017 |
|                                                         4354 |
|                                                         4418 |
|                                                         4001 |
|                                                         2943 |
|                                                         3146 |
|                                                         4077 |
|                                                         3384 |
|                                                         3154 |
|                                                         3808 |
|                                                         4544 |
|                                                         3569 |
|                                                         4398 |
|                                                         2640 |
|                                                         2926 |
|                                                         4896 |
|                                                         4114 |
|                                                         4653 |
|                                                         3492 |
|                                                         2523 |
|                                                         4777 |
|                                                         3788 |
|                                                         4807 |
|                                                         4224 |
|                                                         3957 |
|                                                         3894 |
|                                                         3315 |
|                                                         4052 |
|                                                         2678 |
|                                                         4482 |
|                                                         3871 |
|                                                         3845 |
|                                                         4343 |
|                                                         4930 |
|                                                         4025 |
|                                                         3859 |
|                                                         3911 |
|                                                         4613 |
|                                                         3753 |
|                                                         4332 |
|                                                         4318 |
|                                                         4138 |
|                                                         4194 |
|                                                         4019 |
|                                                         4628 |
|                                                         3602 |
|                                                         3964 |
|                                                         3766 |
|                                                         4240 |
|                                                         3919 |
|                                                         4143 |
|                                                         4020 |
|                                                         4320 |
|                                                         4979 |
|                                                         3976 |
|                                                         3857 |
|                                                         3052 |
|                                                         4197 |
|                                                         3589 |
|                                                         4092 |
|                                                         3054 |
|                                                         2842 |
|                                                         3261 |
|                                                         2928 |
|                                                         3293 |
|                                                         3684 |
|                                                         3131 |
|                                                         4546 |
|                                                         4378 |
|                                                         4082 |
|                                                         4395 |
|                                                         4422 |
|                                                         4590 |
|                                                         3184 |
|                                                         4021 |
|                                                         4753 |
|                                                         3458 |
|                                                         4522 |
|                                                         4656 |
|                                                         4571 |
|                                                         3773 |
|                                                         3650 |
|                                                         3340 |
|                                                         3668 |
|                                                         2928 |
|                                                         4280 |
|                                                         4168 |
|                                                         3524 |
|                                                         4246 |
|                                                         3466 |
|                                                         3301 |
|                                                         3312 |
|                                                         3791 |
|                                                         3272 |
|                                                         4039 |
|                                                         3806 |
|                                                         3257 |
|                                                         3533 |
|                                                         3988 |
|                                                         4879 |
|                                                         4055 |
|                                                         4466 |
|                                                         5008 |
|                                                         3519 |
|                                                         3933 |
|                                                         3487 |
|                                                         3920 |
|                                                         3656 |
|                                                         3948 |
|                                                         2898 |
|                                                         3466 |
|                                                         4267 |
|                                                         3714 |
|                                                         3701 |
|                                                         4848 |
|                                                         4290 |
|                                                         4712 |
|                                                         4206 |
|                                                         3186 |
|                                                         2991 |
|                                                         4138 |
|                                                         3151 |
|                                                         3232 |
|                                                         3924 |
|                                                         2849 |
|                                                         4398 |
|                                                         4062 |
|                                                         4446 |
|                                                         3686 |
|                                                         4879 |
|                                                         5189 |
|                                                         3487 |
|                                                         4075 |
|                                                         4712 |
|                                                         3034 |
|                                                         4245 |
|                                                         4257 |
|                                                         3014 |
|                                                         4686 |
|                                                         4103 |
|                                                         4571 |
|                                                         4019 |
|                                                         3547 |
|                                                         2607 |
|                                                         3916 |
|                                                         3695 |
|                                                         4195 |
|                                                         3096 |
|                                                         3739 |
|                                                         3797 |
|                                                         4053 |
|                                                         3632 |
|                                                         3772 |
|                                                         4866 |
|                                                         4581 |
|                                                         3286 |
|                                                         3144 |
|                                                         4592 |
|                                                         4651 |
|                                                         4229 |
|                                                         4238 |
|                                                         4202 |
|                                                         2810 |
|                                                         3567 |
|                                                         4394 |
|                                                         2673 |
|                                                         2658 |
|                                                         2411 |
|                                                         3234 |
|                                                         3996 |
|                                                         4624 |
|                                                         3718 |
|                                                         3996 |
|                                                         3214 |
|                                                         3057 |
|                                                         4212 |
|                                                         3930 |
|                                                         4313 |
|                                                         3955 |
|                                                         3409 |
|                                                         3767 |
|                                                         4296 |
|                                                         3302 |
|                                                         4909 |
|                                                         4019 |
|                                                         3185 |
|                                                         3119 |
|                                                         3906 |
|                                                         4445 |
|                                                         3464 |
|                                                         4508 |
|                                                         2648 |
|                                                         4243 |
|                                                         3797 |
|                                                         3813 |
|                                                         3608 |
|                                                         4268 |
|                                                         4081 |
|                                                         4135 |
|                                                         4615 |
|                                                         4738 |
|                                                         3968 |
|                                                         3939 |
|                                                         5132 |
|                                                         3794 |
|                                                         3983 |
|                                                         4071 |
|                                                         3661 |
|                                                         4673 |
|                                                         4749 |
|                                                         3059 |
|                                                         3508 |
|                                                         3605 |
|                                                         3731 |
|                                                         3664 |
|                                                         3373 |
|                                                         3961 |
|                                                         3961 |
|                                                         3751 |
|                                                         3786 |
|                                                         3701 |
|                                                         3795 |
|                                                         4034 |
|                                                         4906 |
|                                                         3765 |
|                                                         4247 |
|                                                         4084 |
|                                                         4305 |
|                                                         4145 |
|                                                         4191 |
|                                                         4137 |
|                                                         3953 |
|                                                         4358 |
|                                                         3910 |
|                                                         4340 |
|                                                         4540 |
|                                                         4017 |
|                                                         3194 |
|                                                         4497 |
|                                                         4427 |
|                                                         2767 |
|                                                         2928 |
|                                                         4235 |
|                                                         3277 |
|                                                         3446 |
|                                                         3818 |
|                                                         5020 |
|                                                         3486 |
|                                                         3752 |
|                                                         3586 |
|                                                         3981 |
|                                                         3580 |
|                                                         4512 |
|                                                         4177 |
|                                                         2547 |
|                                                         2825 |
|                                                         3127 |
|                                                         5188 |
|                                                         4377 |
|                                                         4249 |
|                                                         4684 |
|                                                         3158 |
|                                                         4405 |
|                                                         4223 |
|                                                         4124 |
|                                                         3393 |
|                                                         3482 |
|                                                         3388 |
|                                                         3710 |
|                                                         4211 |
|                                                         4290 |
|                                                         4420 |
|                                                         3402 |
|                                                         2615 |
|                                                         4657 |
|                                                         3452 |
|                                                         4063 |
|                                                         3043 |
|                                                         3409 |
|                                                         3444 |
|                                                         3066 |
|                                                         2706 |
|                                                         2772 |
|                                                         3333 |
|                                                         4746 |
|                                                         3953 |
|                                                         4331 |
|                                                         3157 |
|                                                         3066 |
|                                                         3577 |
|                                                         4205 |
|                                                         3806 |
|                                                         4236 |
|                                                         3758 |
|                                                         4607 |
|                                                         3532 |
|                                                         4890 |
|                                                         4527 |
|                                                         4780 |
|                                                         3469 |
|                                                         3282 |
|                                                         4018 |
|                                                         2996 |
|                                                         4426 |
|                                                         5197 |
|                                                         3433 |
|                                                         2842 |
|                                                         4027 |
|                                                         3717 |
|                                                         4258 |
|                                                         3395 |
|                                                         3770 |
|                                                         3592 |
|                                                         2956 |
|                                                         3724 |
|                                                         4647 |
|                                                         2629 |
|                                                         5098 |
|                                                         4145 |
|                                                         4981 |
|                                                         4412 |
|                                                         4176 |
|                                                         3470 |
|                                                         3618 |
|                                                         3208 |
|                                                         4165 |
|                                                         3517 |
|                                                         4218 |
|                                                         3474 |
|                                                         4153 |
|                                                         4061 |
|                                                         3052 |
|                                                         3268 |
|                                                         4091 |
|                                                         5016 |
|                                                         4031 |
|                                                         3330 |
|                                                         4366 |
|                                                         4802 |
|                                                         3827 |
|                                                         2899 |
|                                                         4806 |
|                                                         4282 |
|                                                         3680 |
|                                                         3853 |
|                                                         4464 |
|                                                         3470 |
|                                                         3814 |
|                                                         3605 |
|                                                         4476 |
|                                                         2996 |
|                                                         3254 |
|                                                         4737 |
|                                                         3022 |
|                                                         4785 |
|                                                         4895 |
|                                                         4257 |
|                                                         4095 |
|                                                         4228 |
|                                                         3366 |
|                                                         3535 |
|                                                         3972 |
|                                                         4805 |
|                                                         4674 |
|                                                         4633 |
|                                                         4719 |
|                                                         4779 |
|                                                         4771 |
|                                                         3591 |
|                                                         3316 |
|                                                         3609 |
|                                                         4002 |
|                                                         4129 |
|                                                         4364 |
|                                                         4805 |
|                                                         3773 |
|                                                         4365 |
|                                                         4537 |
|                                                         4512 |
|                                                         4221 |
|                                                         5050 |
|                                                         3892 |
|                                                         4163 |
|                                                         3594 |
|                                                         3407 |
|                                                         3977 |
|                                                         4624 |
|                                                         4763 |
|                                                         3185 |
|                                                         3645 |
|                                                         4658 |
|                                                         4675 |
|                                                         4529 |
|                                                         4465 |
|                                                         2718 |
|                                                         3582 |
|                                                         3908 |
|                                                         3770 |
|                                                         3872 |
|                                                         3551 |
|                                                         3500 |
|                                                         3765 |
|                                                         5200 |
|                                                         4755 |
|                                                         2996 |
|                                                         3828 |
|                                                         4632 |
|                                                         3428 |
|                                                         2924 |
|                                                         4437 |
|                                                         4202 |
|                                                         3083 |
|                                                         3159 |
|                                                         3269 |
|                                                         3626 |
|                                                         4513 |
|                                                         3503 |
|                                                         3334 |
|                                                         4007 |
|                                                         3553 |
|                                                         3529 |
|                                                         3652 |
|                                                         3767 |
|                                                         3636 |
|                                                         4478 |
|                                                         3515 |
|                                                         3181 |
|                                                         3998 |
|                                                         3130 |
|                                                         3515 |
|                                                         4074 |
|                                                         3830 |
|                                                         5094 |
|                                                         3944 |
|                                                         4406 |
|                                                         4623 |
|                                                         4053 |
|                                                         4448 |
|                                                         3014 |
|                                                         4419 |
|                                                         4012 |
|                                                         3269 |
|                                                         4646 |
|                                                         4357 |
|                                                         3637 |
|                                                         3199 |
|                                                         3702 |
|                                                         3303 |
|                                                         3932 |
|                                                         3313 |
|                                                         4513 |
|                                                         4594 |
|                                                         3627 |
|                                                         4106 |
|                                                         4439 |
|                                                         4343 |
|                                                         3198 |
|                                                         3798 |
|                                                         4269 |
|                                                         4016 |
|                                                         3507 |
|                                                         4333 |
|                                                         4261 |
|                                                         4713 |
|                                                         3145 |
|                                                         3601 |
|                                                         3807 |
|                                                         4995 |
|                                                         4604 |
|                                                         3789 |
|                                                         3766 |
|                                                         4567 |
|                                                         3860 |
|                                                         4863 |
|                                                         4572 |
|                                                         4788 |
|                                                         4807 |
|                                                         3442 |
|                                                         3325 |
|                                                         3103 |
|                                                         4614 |
|                                                         5011 |
|                                                         4781 |
|                                                         4592 |
|                                                         4096 |
|                                                         3651 |
|                                                         4748 |
|                                                         4738 |
|                                                         4522 |
|                                                         4251 |
|                                                         3249 |
|                                                         4785 |
|                                                         3417 |
|                                                         3573 |
|                                                         4184 |
|                                                         3139 |
|                                                         3694 |
|                                                         3344 |
|                                                         4533 |
|                                                         4650 |
|                                                         4515 |
|                                                         3882 |
|                                                         5236 |
|                                                         3518 |
|                                                         4262 |
|                                                         4810 |
|                                                         2467 |
|                                                         3016 |
|                                                         3957 |
